64
a 1660 758 707 1207 876 1018 849 677 883 821 792 820 791 841 858 818 837 813 750 892 689 817 836 798 668 844 995 729 800 932 1105 975 954 840 851 903 892 858 1023 823 895 893 890 766 841 803 814 834 625 865 864 778 803 815 944 962 822 830 711 809 868 820 915 777 256 324
b 1985 920 752 1105 766 971 599 906 1013 1002 966 985 976 987 955 992 1325 1046 990 841 980 971 667 1056 971 986 1022 995 1008 997 1025 1000 1094 995 855 982 857 992 1108 993 948 995 947 912 953 1066 1194 989 1134 977 893 1010 887 1004 1116 983 1038 987 1035 1078 1033 920 796 989 256 625
c 1983 964 934 1171 917 1002 792 981 982 983 991 992 1002 983 991 972 1001 984 1008 991 1005 1000 992 987 1190 945 883 886 900 1063 1349 928 994 991 1007 1004 990 1015 983 1008 863 984 1106 963 1117 1062 1100 973 702 1005 1143 1166 1140 1083 1473 1008 965 992 976 1003 993 984 984 975 196 324
d 2047 1128 1295 1144 1259 1032 663 1140 1027 1010 1047 1018 1045 1016 981 1004 1355 972 1039 912 1057 1006 709 978 1009 1028 1001 1032 993 1024 1065 1044 1125 996 1147 998 1163 1018 1105 1004 989 1030 1047 928 1069 1086 1223 1016 1135 1030 1093 1008 1095 1006 1137 1004 1069 1026 999 1116 987 968 825 1030 256 625
e 1468 769 755 912 740 781 563 740 747 724 720 745 709 734 758 735 747 724 720 745 709 734 758 735 636 697 687 652 720 801 1139 708 709 734 758 735 747 724 720 745 894 699 745 678 782 799 785 706 714 751 809 902 798 807 1181 718 709 734 758 735 747 724 720 745 225 324
f 2194 1119 1130 855 1224 1339 1632 1075 978 1107 1110 1143 1180 1051 992 1087 1188 1119 1130 1093 1224 1101 1102 1075 1148 1107 1110 1101 1180 1093 1078 1087 850 1119 1130 1175 1224 1019 928 1075 978 1107 1110 1143 1180 1051 992 1087 1188 1119 1130 1093 1224 1101 1102 1075 1148 1107 1110 1101 1180 1093 1078 1087 64 576
g 1620 813 882 951 930 825 510 805 764 811 792 855 846 759 716 801 605 880 889 884 899 804 925 906 759 848 817 790 797 840 953 844 842 809 850 733 852 733 542 815 774 815 940 733 820 955 1144 875 735 840 745 898 781 856 1049 816 765 792 901 812 859 884 897 842 225 625
h 2234 1087 978 1065 957 1032 489 1094 1118 1115 1064 1107 1109 1164 1175 1084 1350 1117 1030 1099 1027 1108 1071 1134 1090 1121 1168 1153 1099 1072 1057 1176 1108 1085 980 1167 983 1158 1387 1068 1144 1113 1066 1081 1135 1162 1177 1058 1376 1115 1032 1073 1053 1106 1073 1108 1116 1119 1170 1127 1125 1070 1059 1150 169 576
i 320 160 160 160 160 160 160 160 128 160 160 160 160 160 160 160 192 160 160 160 160 160 160 160 0 160 160 160 160 160 160 160 320 160 160 160 160 160 160 160 128 160 160 160 160 160 160 160 192 160 160 160 160 160 160 160 0 160 160 160 160 160 160 160 4 576
j 2005 998 994 1009 1791 1008 1012 995 1023 1008 1012 995 1237 998 994 1009 1156 1011 1015 1000 1106 993 989 1006 850 993 989 1006 900 1011 1015 1000 1156 1011 1015 1000 1106 993 989 1006 850 993 989 1006 900 1011 1015 1000 981 998 994 1009 767 1008 1012 995 1023 1008 1012 995 1237 998 994 1009 25 1024
k 2259 1030 687 1062 894 1139 982 983 1160 1085 1120 1173 1111 1130 1123 1134 1242 1127 1186 1059 839 1146 1171 1266 1115 1146 1243 1090 1040 1129 1116 1157 1335 1126 1101 1096 1114 1107 1048 1109 1140 1153 1146 1199 1235 1078 1001 1084 1314 1139 1128 1205 1255 1030 901 1064 1103 1134 1009 1056 1132 1181 1278 1143 196 576
l 0 0 0 0 0 0 0 0 0 0 0 0 0 0 0 0 0 0 0 0 0 0 0 0 0 0 0 0 0 0 0 0 0 0 0 0 0 0 0 0 0 0 0 0 0 0 0 0 0 0 0 0 0 0 0 0 0 0 0 0 0 0 0 0 4 576
m 1844 849 976 355 966 877 688 821 897 914 935 990 897 900 949 894 757 924 913 1070 891 940 997 884 924 899 962 975 912 873 964 867 724 945 880 1091 870 973 976 917 897 914 935 990 897 900 949 894 757 924 913 1070 891 940 997 884 924 899 962 975 912 873 964 867 529 289
n 1834 831 907 944 934 847 245 794 903 914 880 891 911 950 994 893 796 883 869 944 870 949 1153 872 919 924 884 861 941 946 984 877 746 895 843 1008 806 975 1141 922 903 914 880 891 911 950 994 893 796 883 869 944 870 949 1153 872 919 924 884 861 941 946 984 877 196 289
o 1858 942 916 1106 916 966 642 942 917 929 929 919 929 939 941 929 941 929 929 939 929 919 917 929 982 942 916 794 916 934 1174 942 941 929 929 939 929 919 917 929 924 916 942 876 942 984 1148 916 784 916 942 1132 942 1024 1584 916 917 929 929 919 929 939 941 929 225 324
p 1986 911 726 1109 738 985 590 899 955 980 1005 1004 993 992 1023 992 667 938 977 1126 989 1030 1291 926 940 975 1000 1029 988 989 1036 987 859 986 1123 1016 1111 980 871 998 946 1009 936 881 948 1069 1158 997 1108 981 894 1001 882 993 1092 993 931 1004 931 906 943 1066 1171 992 256 625
q 2029 1121 1294 1134 1265 1015 640 1138 986 1046 999 1019 1008 1014 1059 1025 674 1068 1007 1125 996 1024 1315 1067 975 1037 1000 1022 999 1007 1058 1026 919 1029 902 1036 887 1015 904 1056 970 1024 1049 915 1072 1072 1201 1013 1132 1008 1095 995 1098 992 1099 1017 959 1015 1050 918 1063 1065 1200 1014 256 625
r 2111 920 797 1188 492 943 822 1171 1035 1070 1061 1058 1104 1033 1022 1061 838 1065 1054 1051 1259 1080 1071 1026 1074 1055 1030 1081 1135 1010 983 1076 735 1080 1149 1028 1164 1103 1174 1011 1035 1070 1061 1058 1104 1033 1022 1061 838 1065 1054 1051 1259 1080 1071 1026 1074 1055 1030 1081 1135 1010 983 1076 64 289
s 1565 761 671 1041 723 839 787 721 811 767 811 805 853 793 835 785 790 784 836 784 974 796 766 730 734 796 842 762 782 960 1276 844 832 768 704 814 590 802 832 822 850 798 768 746 748 796 756 806 627 785 771 859 783 829 941 785 743 829 797 749 731 761 743 811 196 324
t 1823 858 1029 832 818 1095 1560 1069 939 890 869 916 816 917 938 943 1014 879 880 905 801 932 987 958 990 923 964 897 987 926 961 900 834 899 860 925 835 898 861 924 810 943 944 917 1021 892 835 866 883 934 953 908 1008 905 886 879 1119 870 889 896 782 951 1064 977 64 529
u 1919 973 952 918 970 862 273 981 966 948 939 969 977 897 872 936 1128 950 963 897 965 929 750 922 977 967 984 926 926 1022 1047 999 1152 946 967 873 949 929 750 938 953 971 980 950 942 1022 1047 983 791 969 956 1022 954 990 1169 997 942 952 935 993 993 897 872 920 169 324
v 2183 1103 1131 1331 1077 1133 1249 1105 1086 1094 1074 1110 1084 1076 984 1116 1019 1103 1079 1047 1077 993 905 1105 1130 1094 1074 1094 1084 1120 1028 1064 1007 1091 1117 1345 1089 1005 491 1119 1134 1098 1076 956 1080 1116 1050 1114 1147 1091 1065 781 1089 1145 891 1119 1090 1098 1076 1028 1080 1072 1182 1062 225 289
w 1858 887 912 1055 916 1169 984 947 914 931 964 831 902 943 882 913 897 952 939 788 907 966 859 892 953 936 923 940 933 904 881 930 864 909 978 405 924 1069 720 883 968 949 934 889 914 819 934 945 1049 960 935 836 929 744 921 898 897 956 903 1000 943 890 931 952 529 289
x 2094 1074 1115 1313 1064 1114 1305 1053 1052 1070 1063 1059 1060 1040 1047 1053 1051 1049 1064 1036 1059 1063 1048 1074 1125 1053 1020 826 1063 1081 834 1082 1063 1059 1074 1048 1049 1051 1036 1064 967 1009 1084 1064 1051 959 876 1074 948 1062 1107 1355 1020 956 519 1117 1040 1060 1053 1047 1070 1052 1059 1063 225 289
y 2404 1225 1257 1354 1058 1315 1405 1250 1182 1197 1231 1190 1234 1181 1145 1172 1189 1188 1186 1085 1347 1246 1026 1185 1147 1200 1168 1141 1171 1156 1194 1235 1030 1187 1197 1486 1336 1081 949 1186 1232 1215 1179 1226 1160 1211 969 1220 1207 1206 1250 1269 1065 1164 790 1269 1245 1194 1224 973 1241 1258 1222 1175 225 625
z 1893 916 917 1024 887 1030 1171 926 969 886 917 950 915 928 947 948 973 934 1069 1006 813 966 961 962 733 940 993 800 925 1004 1069 940 969 942 821 950 1245 994 1013 790 749 956 917 1016 953 936 885 952 475 910 895 1010 957 880 725 904 939 960 915 944 749 962 929 1022 196 289
A 2400 1216 1200 1358 1224 1316 1432 1202 1276 1194 1196 1200 1204 1222 1228 1196 1153 1191 1195 1147 1203 1341 1453 1193 1283 1191 1197 1195 1193 1113 1131 1205 1339 1191 1183 977 1207 1187 1639 1177 1159 1209 1191 1071 1199 1273 1171 1211 1312 1214 1190 958 1198 1316 920 1216 1178 1190 1212 1258 1208 1268 1174 1204 441 576
B 1600 697 647 876 717 794 454 615 869 790 820 769 770 803 755 824 800 817 787 776 761 790 838 831 521 762 708 873 662 903 1179 792 808 779 743 850 753 828 882 757 781 780 820 739 710 833 863 874 674 797 773 808 735 834 956 823 891 818 806 733 748 775 769 860 324 576
C 2430 1193 1153 1368 1130 1291 1045 1198 1238 1211 1207 1220 1210 1225 1207 1202 1194 1223 1225 1174 1240 1219 1203 1226 1274 1169 1119 1066 1172 1205 1545 1122 1237 1204 1200 1211 1215 1256 1246 1207 1109 1246 1270 1159 1319 1294 1384 1203 951 1224 1366 1407 1347 1334 1610 1225 1219 1222 1216 1199 1219 1204 1188 1213 441 625
D 2106 931 973 944 1011 900 672 887 1122 1057 1077 1030 1029 1036 1010 1063 1046 1061 1047 1052 1015 1058 1078 1067 936 1101 989 1024 863 1088 1258 1165 1044 1047 1049 1066 1017 1072 1076 1053 896 1053 1025 1076 903 1136 1222 1113 774 1015 901 1240 935 1200 1384 975 1108 1055 1091 1032 1043 1038 996 1061 324 576
E 2087 912 797 986 797 986 871 912 1109 1026 1021 1050 1021 1050 1045 1026 1010 1029 1034 1069 1034 1069 1074 1029 490 1069 1136 1127 1136 1127 1194 1069 1010 1029 1034 1069 1034 1069 1074 1029 880 1063 1082 1053 1082 1053 1072 1063 781 1066 1095 1072 1095 1072 1101 1066 1109 1026 1021 1050 1021 1050 1045 1026 289 576
F 2500 1106 962 1168 962 1168 1028 1106 1092 1264 1284 1264 1284 1264 1284 1264 984 1276 1304 1276 1304 1276 1304 1276 912 1254 1294 1316 1294 1316 1360 1254 984 1276 1304 1276 1304 1276 1304 1276 1272 1274 1274 1212 1274 1212 1208 1274 1164 1286 1294 1224 1294 1224 1228 1286 1092 1264 1284 1264 1284 1264 1284 1264 256 576
G 2166 1124 1085 1135 1149 1065 874 1118 1046 1072 1085 1095 1133 1089 1070 1054 1043 1057 1068 1090 1140 1120 1103 1063 1011 1033 1008 962 1156 1068 1407 991 1196 1012 1005 1129 987 1165 1166 1024 1094 1130 1115 999 1057 1123 1284 1106 885 1141 1244 1268 1102 1216 1435 1153 1147 1083 1074 1078 1032 1078 1081 1071 484 625
H 2128 1064 1064 896 1064 896 336 1064 1064 1064 1064 1064 1064 1064 1064 1064 1064 1064 1064 1064 1064 1064 1064 1064 912 1064 1064 1088 1064 1088 1168 1064 1064 1064 1064 1064 1064 1064 1064 1064 1216 1064 1064 1040 1064 1040 960 1064 1216 1064 1064 1040 1064 1040 960 1064 1064 1064 1064 1064 1064 1064 1064 1064 361 576
I 0 0 0 0 0 0 0 0 0 0 0 0 0 0 0 0 0 0 0 0 0 0 0 0 0 0 0 0 0 0 0 0 0 0 0 0 0 0 0 0 0 0 0 0 0 0 0 0 0 0 0 0 0 0 0 0 0 0 0 0 0 0 0 0 9 576
J 2629 1357 1622 1338 1600 1270 917 1379 1388 1316 1363 1303 1357 1263 1208 1322 1492 1324 1371 1239 1369 1283 1180 1326 1349 1325 1350 1314 1380 1378 1505 1295 1600 1336 1455 1227 1477 1295 1264 1314 1241 1313 1266 1326 1272 1366 1421 1307 1137 1305 1258 1390 1260 1346 1449 1303 1280 1304 1279 1315 1249 1251 1124 1334 169 625
K 2088 942 646 992 915 1053 849 867 1029 1073 1053 1021 1028 1080 1032 1036 1027 1047 937 1069 1134 1030 1036 1072 1020 1038 1288 1002 899 1045 915 1145 1018 1044 1108 986 993 1059 1099 1045 1073 1085 1065 1001 1188 1004 904 1032 1075 1055 1133 1225 1310 938 720 896 1066 1048 1070 1108 1057 971 1017 1015 361 576
L 2688 1344 896 1344 896 1344 896 1344 1536 1344 1280 1344 1280 1344 1280 1344 1536 1344 1280 1344 1280 1344 1280 1344 1152 1344 1408 1344 1408 1344 1408 1344 1536 1344 1280 1344 1280 1344 1280 1344 1152 1344 1408 1344 1408 1344 1408 1344 1152 1344 1408 1344 1408 1344 1408 1344 1536 1344 1280 1344 1280 1344 1280 1344 225 576
M 1640 820 820 670 828 584 386 812 822 812 828 844 820 810 804 820 874 820 820 888 828 774 744 812 856 812 828 830 820 752 842 820 874 820 820 1120 828 774 512 812 876 812 828 738 820 916 750 820 908 820 820 610 828 1052 710 812 822 812 828 772 820 810 876 820 529 576
N 1732 860 865 733 867 725 274 872 859 881 856 862 862 870 873 865 889 849 750 822 916 894 859 949 910 872 903 733 845 969 852 844 888 852 1039 891 583 841 844 990 923 857 858 924 874 822 795 875 983 875 838 1014 910 784 683 841 860 910 791 857 971 859 888 792 361 576
O 2294 1141 1141 1204 1141 1150 908 1141 1158 1147 1147 1144 1147 1138 1148 1147 1146 1147 1147 1132 1147 1150 1160 1147 1142 1153 1153 980 1153 1110 1412 1153 1146 1147 1147 1132 1147 1150 1160 1147 1134 1141 1141 1100 1141 1230 1404 1141 958 1153 1153 1404 1153 1350 1620 1153 1158 1147 1147 1144 1147 1138 1148 1147 529 625
P 2312 1014 954 1094 984 1066 838 986 1006 1142 1154 1156 1076 1224 1280 1210 918 1140 1120 1216 1078 1248 1356 1172 936 1148 1112 1218 1102 1230 1342 1160 881 1171 1295 1195 1325 1167 1071 1143 1271 1139 1143 1097 1065 1165 1161 1207 1183 1137 1109 1157 1067 1189 1237 1169 1201 1145 1101 1159 1091 1171 1223 1157 289 576
Q 2225 1105 1107 1163 1188 1108 868 1112 1095 1105 1081 1119 1078 1108 1214 1116 1124 1106 1060 1146 1063 1141 1149 1095 1158 1134 1202 894 1121 1053 1259 1127 1173 1107 1105 1103 1024 1110 1106 1100 1097 1121 1145 1037 1148 1184 1290 1110 942 1118 1164 1340 1161 1297 1541 1129 1046 1104 1036 1162 1117 1139 1257 1111 529 676
R 1933 785 806 1070 890 1010 513 725 872 946 961 947 853 1019 1116 1018 766 988 891 1017 881 991 1236 962 787 971 912 964 898 1002 1189 1009 893 979 936 954 944 970 1061 995 1032 964 1015 907 923 963 908 1020 960 972 1003 919 917 969 970 1022 1001 935 912 978 914 1000 1035 957 361 576
S 2105 1062 1076 1229 1059 1172 976 1069 1093 1056 1056 1063 1137 1060 1042 1017 1074 1043 1101 1010 1234 1027 1027 976 930 1049 1057 1068 1092 1151 1589 1028 1061 1048 968 1115 857 1112 1130 1129 1067 1044 1026 1003 1025 1050 1138 1043 898 1057 1065 1144 1060 1099 1181 1036 1040 1061 1071 996 956 1021 1057 1122 361 625
T 2806 1403 1403 1078 1403 1728 1728 1403 1248 1403 1403 1440 1403 1366 1366 1403 1142 1403 1403 1462 1403 1344 1344 1403 1248 1403 1403 1440 1403 1366 1366 1403 1142 1403 1403 1462 1403 1344 1344 1403 1248 1403 1403 1440 1403 1366 1366 1403 1142 1403 1403 1462 1403 1344 1344 1403 1248 1403 1403 1440 1403 1366 1366 1403 361 576
U 2271 1143 1144 1070 1135 1039 520 1134 1170 1142 1133 1147 1130 1106 993 1139 1215 1135 1126 1016 1135 1047 918 1144 1102 1122 1139 1117 1142 1158 1279 1125 1216 1128 1127 1009 1136 1040 919 1137 1101 1129 1138 1124 1141 1165 1278 1132 1056 1136 1145 1255 1136 1224 1353 1127 1169 1149 1132 1154 1129 1113 992 1146 361 625
V 2553 1264 1246 1455 1268 1349 1365 1272 1260 1277 1277 1280 1283 1230 1204 1273 1236 1251 1269 1278 1277 1126 1118 1273 1301 1282 1282 1281 1278 1213 1263 1288 1229 1284 1256 1485 1300 1233 727 1210 1306 1259 1297 1128 1285 1316 1224 1269 1316 1239 1311 928 1277 1390 1124 1243 1251 1260 1306 1225 1276 1203 1379 1288 400 576
W 2185 1139 1104 1186 1106 1246 1077 1113 1083 1105 1092 1006 1086 1094 1059 1111 1063 1109 1080 938 1088 1100 1029 1109 1135 1121 1086 1072 1082 1074 1061 1109 1065 1107 1054 524 1110 1158 975 1131 1125 1067 1088 1070 1100 1024 1091 1087 1179 1041 1094 1044 1088 904 1079 1103 1069 1087 1106 1200 1092 1048 1093 1061 900 576
X 2404 1208 1216 1432 1218 1298 1392 1192 1216 1210 1204 1206 1198 1208 1208 1214 1205 1193 1213 1201 1205 1213 1199 1203 1261 1203 1189 951 1201 1319 999 1221 1207 1205 1213 1215 1193 1211 1185 1203 1141 1205 1207 1215 1195 1131 1043 1207 1144 1194 1226 1508 1196 1146 680 1218 1214 1198 1204 1192 1210 1210 1222 1214 441 576
Y 2787 1408 1403 1360 1390 1583 1594 1383 1372 1393 1386 1399 1387 1356 1297 1398 1356 1391 1382 1385 1391 1414 1121 1420 1371 1414 1371 1230 1394 1401 1422 1385 1173 1400 1411 1746 1382 1197 1160 1391 1422 1385 1394 1401 1379 1354 1247 1406 1406 1383 1390 1387 1383 1412 1071 1428 1421 1406 1379 1232 1386 1399 1372 1393 441 576
Z 2145 1072 1056 1145 1048 1123 1219 1064 1120 1045 1037 1072 1011 1064 1048 1075 1033 1076 1248 1081 994 1073 1089 1094 744 1081 1097 884 1089 1138 1206 1073 1025 1094 998 1073 1400 1081 1097 928 754 1073 1089 1138 1097 1032 1040 1081 647 1064 1048 1123 1056 997 825 1072 1112 1075 1007 1064 885 1072 1056 1193 324 576
0 1884 937 987 1138 947 1012 558 961 967 934 964 937 944 923 929 938 937 930 936 931 956 945 975 926 952 931 917 814 957 1020 1174 907 937 930 936 931 956 945 975 926 950 929 947 844 955 1018 1204 937 862 939 957 1108 949 1014 1552 931 967 934 964 937 944 923 929 938 225 576
1 2000 1110 1136 1110 1756 894 892 894 1004 1002 1004 1002 968 994 968 994 1032 1006 1032 1006 996 998 996 998 1188 1026 1028 1026 1104 970 944 970 848 982 1008 982 860 1022 1020 1022 1004 1002 1004 1002 968 994 968 994 1032 1006 1032 1006 996 998 996 998 1188 1026 1028 1026 1104 970 944 970 64 529
2 1989 1018 1011 1106 969 1058 931 1022 1141 974 845 936 983 1036 1031 958 989 1002 1031 1042 973 1106 1351 1018 865 998 1033 956 1287 1044 1283 870 1010 1021 1114 1039 1162 957 802 975 780 999 1010 935 862 1041 1056 1061 750 977 946 1043 882 977 1034 1039 1244 995 1010 1023 882 1021 1120 1041 225 529
3 2030 1014 1067 1173 1221 1133 914 896 1046 1018 1033 1011 1019 995 962 1028 1051 1019 1068 986 1038 1014 983 1049 945 1053 1020 970 1086 1158 1533 963 1050 1006 939 1057 989 1077 1130 960 1018 994 1049 999 931 1043 1106 1076 779 999 924 1118 822 1006 1139 1125 1033 1017 1020 966 1014 1014 1025 1023 225 576
4 2175 1139 775 1189 1296 1108 1484 1050 1189 1085 1025 1087 1094 1070 1078 1060 1001 1093 1033 1047 1082 1094 962 1056 1321 1085 937 1211 1098 1038 1042 1140 1272 1118 1140 1092 1101 1123 1301 1077 1070 1080 1182 1038 1139 1069 1103 1039 1370 1096 1058 1026 1279 1085 1119 1007 906 1072 1170 1142 1055 1045 991 1139 256 529
5 1902 996 978 1166 944 1078 880 1048 924 956 954 952 970 930 796 958 1131 1001 1097 933 1081 951 815 999 695 947 1003 997 1037 1049 1177 895 829 969 845 1035 795 1067 1195 1009 929 963 939 903 939 1001 1165 953 802 958 912 1054 912 992 1106 968 780 946 1008 952 1058 924 858 906 225 576
6 1723 877 855 1047 805 929 691 893 976 852 876 870 838 812 792 876 913 853 935 841 909 827 725 889 682 816 840 820 898 938 1238 756 870 850 782 848 824 950 1070 826 1035 889 787 735 881 937 1019 833 846 880 1004 972 990 938 1170 892 807 859 845 807 875 865 891 815 225 576
7 2633 1304 1366 1325 1305 1412 1592 1291 1193 1332 1304 1283 1339 1314 1316 1291 1049 1320 1352 1211 1323 1398 1256 1271 1193 1308 1242 1241 1301 1348 1324 1415 1047 1308 1132 1409 1605 1262 1196 1221 1175 1336 1338 1379 1259 1264 1288 1333 1049 1302 1448 1449 1161 1226 1190 1355 1193 1322 1350 1235 1239 1308 1370 1355 256 529
8 1622 817 836 1093 806 887 652 831 840 819 822 811 816 773 706 813 838 809 792 761 798 803 728 815 700 799 794 831 824 929 1314 785 824 807 830 899 816 885 1010 833 886 817 812 705 822 859 884 823 764 799 818 803 808 837 1042 793 846 821 784 745 798 835 824 795 225 576
9 1705 866 902 1051 936 917 641 850 771 866 822 865 840 875 903 862 808 875 939 826 933 896 1044 867 706 863 879 840 817 926 1242 907 873 854 776 833 786 831 669 830 989 824 910 741 848 947 1021 868 822 837 731 966 781 928 1198 805 978 835 861 858 879 820 774 831 225 576
. 0 0 0 0 0 0 0 0 0 0 0 0 0 0 0 0 0 0 0 0 0 0 0 0 0 0 0 0 0 0 0 0 0 0 0 0 0 0 0 0 0 0 0 0 0 0 0 0 0 0 0 0 0 0 0 0 0 0 0 0 0 0 0 0 16 9
, 721 403 352 318 546 452 527 269 322 352 367 369 355 353 334 368 413 417 468 304 588 368 293 353 402 366 351 355 369 365 384 356 90 342 407 379 265 293 232 428 309 345 316 376 276 344 349 377 218 280 215 441 43 329 390 392 409 379 408 342 442 380 375 341 16 64